[ 0.10462098  0.06614898  1.13965187  1.13731179  0.96021432  1.24391959
  2.12857912  0.87218298  1.64433818  0.45911771 -0.10378837  0.67754269
  1.32313905  0.48155104  0.5475916   1.05145261  0.62028913  1.03243355
  0.67262769  0.90164248  0.48202614  1.05051407  2.06673986  0.09318934
  0.41414497  0.84366097  0.48051948  0.90820801  0.15749146  0.06026508
  0.1098682   1.31200471  0.05633803  1.22550949  0.61217373  0.202785
  0.84126984  2.09226893  1.62629769  1.11354067  1.76744186  0.72735667
  0.40438055  0.59560485  0.06        0.13534007  0.36126982  0.07352941
  0.52142451  0.50529045  0.08897093  0.78487553  0.93303563  0.29824561
  0.77641503  0.49022126  1.33092533  0.87099515  0.28039355 -0.15084424
  0.74489796  1.09021639 -0.04514533  2.24274966  1.91489362  1.17099258
  1.04166667 -0.22173821  0.49230769  0.14830163  1.02777778  1.24936249
  1.525       1.59780847  0.25099645  1.14148493  0.50385658  1.34883721
  1.80451079  0.58979664  0.74210992  1.48979592 -0.01593494  0.63286822
 -0.04778497 -0.14983132  0.16883117  0.59910714  0.4106128   0.0237691
  0.92643337  0.38712454  0.3343465   0.01609701  0.25810725  0.72362595
 -0.11414849  0.5077858   0.44993989  1.11343312]